[MACHINE_INFO]
SerialNumber,SoftwareVersion,UserID,LineNo,LotNo
A8HXL21-011,4.0.11001.27006,administrator,5,1
[Board_INFO]
Barcode,GroupName,ProgramName,Side,Lane,Length,Width,Conveyor,Fidu,Module,Part,FOV,StartInspTime,EndInspTime,Inspection time,Result
4244992562410663050457,GDW-LC,290-10663-05-T,NONE,Front,176,282,174.00,2,1,483,15,20250625060515,20250625060528,12.875,USEROK
[PANEL_INFO]
ModuleID,Result,InspTime,ModuleBarcode,RepairTime,Part_Total,Part_Good,Part_NG,Part_UserOK,Part_Skip
1,USEROK,20250625060515,4244992562410663050457,20250625061238,483,480,0,3,0
[Part_INFO]
ModuleID,PartNo,Packaged,PartName,RefID,PosX,PosY,Part_Angle,CAD_X,CAD_Y,CAD_Angle,AlgorismKind,InspUserID,InspResult,RepairUserID,RepairResult,RepairTime,DefectNumber,Image_Path 
1,455,Default,151-20101-00,U11,116.255,67.129,,116.204,67.2223,0,,administrator,Kong_han,administrator,PASS,20250625061238,NULL,D:\Eagle3D_data\InspectResult\Image\GDW-LC\290-10663-05-T\20250625060515\1@455.jpg
1,145,Default,184-10297-00,CN11,146.216,163.837,,146.7965,163.5985,270,,administrator,Yin_jiao_Lift,administrator,PASS,20250625061238,NULL,D:\Eagle3D_data\InspectResult\Image\GDW-LC\290-10663-05-T\20250625060515\1@145.jpg
1,477,Default,151-20089-00,U37,98.582,76.500,,98.5383,76.5977,90,,administrator,Lian_xi,administrator,PASS,20250625061238,NULL,D:\Eagle3D_data\InspectResult\Image\GDW-LC\290-10663-05-T\20250625060515\1@477.jpg
[Window_INFO]
