[MACHINE_INFO]
SerialNumber,SoftwareVersion,UserID,LineNo,LotNo
A8HXL21-011,4.0.11001.27006,administrator,5,1
[Board_INFO]
Barcode,GroupName,ProgramName,Side,Lane,Length,Width,Conveyor,Fidu,Module,Part,FOV,StartInspTime,EndInspTime,Inspection time,Result
3827992562070453010324,GDW-LC,290-70453-01-T,NONE,Front,245,349,241.00,2,1,245,15,20250621060341,20250621060352,10.797,GOOD
[PANEL_INFO]
ModuleID,Result,InspTime,ModuleBarcode,RepairTime,Part_Total,Part_Good,Part_NG,Part_UserOK,Part_Skip
1,GOOD,20250621060341,3827992562070453010324,,245,245,0,0,0
[Part_INFO]
ModuleID,PartNo,Packaged,PartName,RefID,PosX,PosY,Part_Angle,CAD_X,CAD_Y,CAD_Angle,AlgorismKind,InspUserID,InspResult,RepairUserID,RepairResult,RepairTime,DefectNumber,Image_Path 
1,137,Default,100-13270-00,R184,279.355,6.102,,279.1929,5.9474,180,,administrator,OK,,OK,,OK,D:\Eagle3D_data\InspectResult\Image\GDW-LC\290-70453-01-T\20250621060341\1@137.jpg
1,138,Default,100-13270-00,R188,274.339,6.113,,274.1822,5.9643,180,,administrator,OK,,OK,,OK,D:\Eagle3D_data\InspectResult\Image\GDW-LC\290-70453-01-T\20250621060341\1@138.jpg
1,139,Default,100-13270-00,R194,269.322,6.124,,269.1704,5.9812,180,,administrator,OK,,OK,,OK,D:\Eagle3D_data\InspectResult\Image\GDW-LC\290-70453-01-T\20250621060341\1@139.jpg
1,5,Default,125-00013-00,C141,245.589,54.334,,245.5187,54.1682,0,,administrator,OK,,OK,,OK,D:\Eagle3D_data\InspectResult\Image\GDW-LC\290-70453-01-T\20250621060341\1@5.jpg
1,10,Default,125-00013-00,C183,245.547,35.133,,245.454,34.9873,180,,administrator,OK,,OK,,OK,D:\Eagle3D_data\InspectResult\Image\GDW-LC\290-70453-01-T\20250621060341\1@10.jpg
1,76,Default,100-57100-00,R288,235.505,47.880,,235.4374,47.7319,90,,administrator,OK,,OK,,OK,D:\Eagle3D_data\InspectResult\Image\GDW-LC\290-70453-01-T\20250621060341\1@76.jpg
1,78,Default,100-57100-00,R314,243.594,28.416,,243.4954,28.2798,90,,administrator,OK,,OK,,OK,D:\Eagle3D_data\InspectResult\Image\GDW-LC\290-70453-01-T\20250621060341\1@78.jpg
1,79,Default,100-57100-00,R315,245.561,41.356,,245.475,41.2038,270,,administrator,OK,,OK,,OK,D:\Eagle3D_data\InspectResult\Image\GDW-LC\290-70453-01-T\20250621060341\1@79.jpg
1,80,Default,100-57100-00,R316,234.602,41.380,,234.5275,41.2407,270,,administrator,OK,,OK,,OK,D:\Eagle3D_data\InspectResult\Image\GDW-LC\290-70453-01-T\20250621060341\1@80.jpg
1,85,Default,100-57100-00,R387,232.414,28.441,,232.3272,28.3175,90,,administrator,OK,,OK,,OK,D:\Eagle3D_data\InspectResult\Image\GDW-LC\290-70453-01-T\20250621060341\1@85.jpg
1,147,Default,125-00008-00,C155,230.275,37.326,,230.2003,37.1955,90,,administrator,OK,,OK,,OK,D:\Eagle3D_data\InspectResult\Image\GDW-LC\290-70453-01-T\20250621060341\1@147.jpg
1,148,Default,125-00008-00,C162,232.423,32.743,,232.3416,32.615,270,,administrator,OK,,OK,,OK,D:\Eagle3D_data\InspectResult\Image\GDW-LC\290-70453-01-T\20250621060341\1@148.jpg
1,156,Default,100-53100-00,R299,241.685,41.365,,241.603,41.2168,270,,administrator,OK,,OK,,OK,D:\Eagle3D_data\InspectResult\Image\GDW-LC\290-70453-01-T\20250621060341\1@156.jpg
1,157,Default,100-53100-00,R300,243.623,41.360,,243.539,41.2103,270,,administrator,OK,,OK,,OK,D:\Eagle3D_data\InspectResult\Image\GDW-LC\290-70453-01-T\20250621060341\1@157.jpg
1,165,Default,100-52120-00,R263,241.699,47.866,,241.6249,47.7111,90,,administrator,OK,,OK,,OK,D:\Eagle3D_data\InspectResult\Image\GDW-LC\290-70453-01-T\20250621060341\1@165.jpg
1,166,Default,100-52120-00,R264,243.637,47.861,,243.5609,47.7045,90,,administrator,OK,,OK,,OK,D:\Eagle3D_data\InspectResult\Image\GDW-LC\290-70453-01-T\20250621060341\1@166.jpg
1,167,Default,100-52120-00,R283,239.762,47.870,,239.69,47.7176,90,,administrator,OK,,OK,,OK,D:\Eagle3D_data\InspectResult\Image\GDW-LC\290-70453-01-T\20250621060341\1@167.jpg
1,168,Default,100-52120-00,R284,237.316,47.876,,237.2465,47.7258,90,,administrator,OK,,OK,,OK,D:\Eagle3D_data\InspectResult\Image\GDW-LC\290-70453-01-T\20250621060341\1@168.jpg
1,172,Default,100-53200-00,R297,239.550,28.425,,239.4557,28.2934,90,,administrator,OK,,OK,,OK,D:\Eagle3D_data\InspectResult\Image\GDW-LC\290-70453-01-T\20250621060341\1@172.jpg
1,173,Default,100-53200-00,R298,241.656,28.421,,241.5594,28.2864,90,,administrator,OK,,OK,,OK,D:\Eagle3D_data\InspectResult\Image\GDW-LC\290-70453-01-T\20250621060341\1@173.jpg
1,174,Default,100-53200-00,R301,239.579,41.369,,239.4993,41.2239,270,,administrator,OK,,OK,,OK,D:\Eagle3D_data\InspectResult\Image\GDW-LC\290-70453-01-T\20250621060341\1@174.jpg
1,175,Default,100-53200-00,R302,236.888,41.375,,236.8111,41.233,270,,administrator,OK,,OK,,OK,D:\Eagle3D_data\InspectResult\Image\GDW-LC\290-70453-01-T\20250621060341\1@175.jpg
1,178,Default,100-53200-00,R352,236.732,28.431,,236.6406,28.3029,90,,administrator,OK,,OK,,OK,D:\Eagle3D_data\InspectResult\Image\GDW-LC\290-70453-01-T\20250621060341\1@178.jpg
1,179,Default,100-53200-00,R353,234.573,28.436,,234.4839,28.3102,90,,administrator,OK,,OK,,OK,D:\Eagle3D_data\InspectResult\Image\GDW-LC\290-70453-01-T\20250621060341\1@179.jpg
1,191,Default,100-52169-00,R310,232.434,37.344,,232.3571,37.2112,270,,administrator,OK,,OK,,OK,D:\Eagle3D_data\InspectResult\Image\GDW-LC\290-70453-01-T\20250621060341\1@191.jpg
1,192,Default,100-52169-00,R378,230.264,32.754,,230.1849,32.6283,270,,administrator,OK,,OK,,OK,D:\Eagle3D_data\InspectResult\Image\GDW-LC\290-70453-01-T\20250621060341\1@192.jpg
1,201,Default,151-70016-00,U20,239.710,54.220,,239.6454,54.0612,90,,administrator,OK,,OK,,OK,D:\Eagle3D_data\InspectResult\Image\GDW-LC\290-70453-01-T\20250621060341\1@201.jpg
1,203,Default,151-70016-00,U22,239.668,34.996,,239.5807,34.8572,90,,administrator,OK,,OK,,OK,D:\Eagle3D_data\InspectResult\Image\GDW-LC\290-70453-01-T\20250621060341\1@203.jpg
1,102,Default,121-80009-00,C125,192.835,16.286,,192.7765,16.2215,0,,administrator,OK,,OK,,OK,D:\Eagle3D_data\InspectResult\Image\GDW-LC\290-70453-01-T\20250621060341\1@102.jpg
1,103,Default,121-80009-00,C126,181.459,16.312,,181.4125,16.2598,0,,administrator,OK,,OK,,OK,D:\Eagle3D_data\InspectResult\Image\GDW-LC\290-70453-01-T\20250621060341\1@103.jpg
1,104,Default,121-80009-00,C127,171.680,16.333,,171.6437,16.2927,0,,administrator,OK,,OK,,OK,D:\Eagle3D_data\InspectResult\Image\GDW-LC\290-70453-01-T\20250621060341\1@104.jpg
1,240,Default,141-51000-00,L7,163.712,13.826,,163.6806,13.7972,0,,administrator,OK,,OK,,OK,D:\Eagle3D_data\InspectResult\Image\GDW-LC\290-70453-01-T\20250621060341\1@240.jpg
1,241,Default,141-51000-00,L8,163.732,16.264,,163.7038,16.2326,0,,administrator,OK,,OK,,OK,D:\Eagle3D_data\InspectResult\Image\GDW-LC\290-70453-01-T\20250621060341\1@241.jpg
1,54,Default,100-57100-00,R134,143.743,17.541,,143.737,17.5316,270,,administrator,OK,,OK,,OK,D:\Eagle3D_data\InspectResult\Image\GDW-LC\290-70453-01-T\20250621060341\1@54.jpg
1,55,Default,100-57100-00,R135,138.312,17.553,,138.3117,17.5499,270,,administrator,OK,,OK,,OK,D:\Eagle3D_data\InspectResult\Image\GDW-LC\290-70453-01-T\20250621060341\1@55.jpg
1,56,Default,100-57100-00,R136,141.076,17.547,,141.0728,17.5406,270,,administrator,OK,,OK,,OK,D:\Eagle3D_data\InspectResult\Image\GDW-LC\290-70453-01-T\20250621060341\1@56.jpg
1,69,Default,100-57100-00,R215,133.030,17.565,,133.0352,17.5677,90,,administrator,OK,,OK,,OK,D:\Eagle3D_data\InspectResult\Image\GDW-LC\290-70453-01-T\20250621060341\1@69.jpg
1,70,Default,100-57100-00,R216,129.771,16.872,,129.7793,16.8794,180,,administrator,OK,,OK,,OK,D:\Eagle3D_data\InspectResult\Image\GDW-LC\290-70453-01-T\20250621060341\1@70.jpg
1,71,Default,100-57100-00,R217,135.742,17.559,,135.7444,17.5586,90,,administrator,OK,,OK,,OK,D:\Eagle3D_data\InspectResult\Image\GDW-LC\290-70453-01-T\20250621060341\1@71.jpg
1,72,Default,100-57100-00,R218,135.734,14.294,,135.7334,14.297,90,,administrator,OK,,OK,,OK,D:\Eagle3D_data\InspectResult\Image\GDW-LC\290-70453-01-T\20250621060341\1@72.jpg
1,73,Default,100-57100-00,R219,133.022,14.300,,133.0242,14.3061,90,,administrator,OK,,OK,,OK,D:\Eagle3D_data\InspectResult\Image\GDW-LC\290-70453-01-T\20250621060341\1@73.jpg
1,74,Default,100-57100-00,R220,129.130,14.309,,129.1363,14.3192,90,,administrator,OK,,OK,,OK,D:\Eagle3D_data\InspectResult\Image\GDW-LC\290-70453-01-T\20250621060341\1@74.jpg
1,82,Default,100-57100-00,R33,146.275,14.144,,146.2629,14.1346,90,,administrator,OK,,OK,,OK,D:\Eagle3D_data\InspectResult\Image\GDW-LC\290-70453-01-T\20250621060341\1@82.jpg
1,86,Default,100-57100-00,R41,146.283,17.536,,146.2743,17.5231,270,,administrator,OK,,OK,,OK,D:\Eagle3D_data\InspectResult\Image\GDW-LC\290-70453-01-T\20250621060341\1@86.jpg
1,87,Default,100-57100-00,R110,143.735,14.149,,143.7255,14.1431,90,,administrator,OK,,OK,,OK,D:\Eagle3D_data\InspectResult\Image\GDW-LC\290-70453-01-T\20250621060341\1@87.jpg
1,88,Default,100-57100-00,R111,138.304,14.161,,138.3002,14.1614,90,,administrator,OK,,OK,,OK,D:\Eagle3D_data\InspectResult\Image\GDW-LC\290-70453-01-T\20250621060341\1@88.jpg
1,89,Default,100-57100-00,R112,141.068,14.155,,141.0613,14.1521,90,,administrator,OK,,OK,,OK,D:\Eagle3D_data\InspectResult\Image\GDW-LC\290-70453-01-T\20250621060341\1@89.jpg
1,140,Default,100-10000-00,R190,99.731,43.722,,99.8021,43.7358,180,,administrator,OK,,OK,,OK,D:\Eagle3D_data\InspectResult\Image\GDW-LC\290-70453-01-T\20250621060341\1@140.jpg
1,4,Default,125-00013-00,C134,41.517,13.803,,41.615,13.915,0,,administrator,OK,,OK,,OK,D:\Eagle3D_data\InspectResult\Image\GDW-LC\290-70453-01-T\20250621060341\1@4.jpg
1,11,Default,125-00013-00,C184,61.433,11.664,,61.5071,11.7561,180,,administrator,OK,,OK,,OK,D:\Eagle3D_data\InspectResult\Image\GDW-LC\290-70453-01-T\20250621060341\1@11.jpg
1,130,Default,100-52130-00,R267,47.340,13.790,,47.4319,13.8954,270,,administrator,OK,,OK,,OK,D:\Eagle3D_data\InspectResult\Image\GDW-LC\290-70453-01-T\20250621060341\1@130.jpg
1,131,Default,100-52130-00,R268,45.308,13.794,,45.4021,13.9022,270,,administrator,OK,,OK,,OK,D:\Eagle3D_data\InspectResult\Image\GDW-LC\290-70453-01-T\20250621060341\1@131.jpg
1,132,Default,100-52130-00,R270,49.361,8.770,,49.4449,8.8788,90,,administrator,OK,,OK,,OK,D:\Eagle3D_data\InspectResult\Image\GDW-LC\290-70453-01-T\20250621060341\1@132.jpg
1,133,Default,100-52130-00,R281,43.519,8.783,,43.609,8.8984,270,,administrator,OK,,OK,,OK,D:\Eagle3D_data\InspectResult\Image\GDW-LC\290-70453-01-T\20250621060341\1@133.jpg
1,134,Default,100-52130-00,R282,63.341,8.341,,63.4099,8.4341,270,,administrator,OK,,OK,,OK,D:\Eagle3D_data\InspectResult\Image\GDW-LC\290-70453-01-T\20250621060341\1@134.jpg
1,141,Default,100-10000-00,R191,91.095,43.741,,91.1752,43.7649,0,,administrator,OK,,OK,,OK,D:\Eagle3D_data\InspectResult\Image\GDW-LC\290-70453-01-T\20250621060341\1@141.jpg
1,142,Default,125-00008-00,C128,49.245,13.786,,49.3349,13.889,90,,administrator,OK,,OK,,OK,D:\Eagle3D_data\InspectResult\Image\GDW-LC\290-70453-01-T\20250621060341\1@142.jpg
1,143,Default,125-00008-00,C129,43.403,13.798,,43.4991,13.9086,90,,administrator,OK,,OK,,OK,D:\Eagle3D_data\InspectResult\Image\GDW-LC\290-70453-01-T\20250621060341\1@143.jpg
1,144,Default,125-00008-00,C133,47.405,8.775,,47.491,8.8854,270,,administrator,OK,,OK,,OK,D:\Eagle3D_data\InspectResult\Image\GDW-LC\290-70453-01-T\20250621060341\1@144.jpg
1,145,Default,125-00008-00,C137,45.424,8.779,,45.512,8.892,90,,administrator,OK,,OK,,OK,D:\Eagle3D_data\InspectResult\Image\GDW-LC\290-70453-01-T\20250621060341\1@145.jpg
1,146,Default,125-00008-00,C138,61.385,8.345,,61.4559,8.4407,90,,administrator,OK,,OK,,OK,D:\Eagle3D_data\InspectResult\Image\GDW-LC\290-70453-01-T\20250621060341\1@146.jpg
1,202,Default,151-70016-00,U21,55.508,11.661,,55.5892,11.7591,90,,administrator,OK,,OK,,OK,D:\Eagle3D_data\InspectResult\Image\GDW-LC\290-70453-01-T\20250621060341\1@202.jpg
1,12,Default,125-00013-00,C185,245.760,97.308,,245.6634,97.0964,180,,administrator,OK,,OK,,OK,D:\Eagle3D_data\InspectResult\Image\GDW-LC\290-70453-01-T\20250621060341\1@12.jpg
1,13,Default,125-00013-00,C304,241.695,90.332,,241.6701,90.1321,180,,administrator,OK,,OK,,OK,D:\Eagle3D_data\InspectResult\Image\GDW-LC\290-70453-01-T\20250621060341\1@13.jpg
1,14,Default,125-00013-00,C307,245.638,76.155,,245.5922,75.9655,180,,administrator,OK,,OK,,OK,D:\Eagle3D_data\InspectResult\Image\GDW-LC\290-70453-01-T\20250621060341\1@14.jpg
1,23,Default,125-00013-00,C83,239.810,69.436,,239.7626,69.2611,0,,administrator,OK,,OK,,OK,D:\Eagle3D_data\InspectResult\Image\GDW-LC\290-70453-01-T\20250621060341\1@23.jpg
1,37,Default,100-52100-00,R125,237.217,60.576,,237.1624,60.413,90,,administrator,OK,,OK,,OK,D:\Eagle3D_data\InspectResult\Image\GDW-LC\290-70453-01-T\20250621060341\1@37.jpg
1,49,Default,100-52100-00,R272,239.621,60.571,,239.5639,60.4049,270,,administrator,OK,,OK,,OK,D:\Eagle3D_data\InspectResult\Image\GDW-LC\290-70453-01-T\20250621060341\1@49.jpg
1,57,Default,100-57100-00,R137,237.504,90.341,,237.4835,90.1462,90,,administrator,OK,,OK,,OK,D:\Eagle3D_data\InspectResult\Image\GDW-LC\290-70453-01-T\20250621060341\1@57.jpg
1,58,Default,100-57100-00,R164,243.854,90.327,,243.8268,90.1248,270,,administrator,OK,,OK,,OK,D:\Eagle3D_data\InspectResult\Image\GDW-LC\290-70453-01-T\20250621060341\1@58.jpg
1,61,Default,100-57100-00,R180,235.934,69.445,,235.8907,69.2741,90,,administrator,OK,,OK,,OK,D:\Eagle3D_data\InspectResult\Image\GDW-LC\290-70453-01-T\20250621060341\1@61.jpg
1,62,Default,100-57100-00,R199,245.623,69.424,,245.5695,69.2415,270,,administrator,OK,,OK,,OK,D:\Eagle3D_data\InspectResult\Image\GDW-LC\290-70453-01-T\20250621060341\1@62.jpg
1,75,Default,100-57100-00,R278,245.603,60.557,,245.5396,60.3848,270,,administrator,OK,,OK,,OK,D:\Eagle3D_data\InspectResult\Image\GDW-LC\290-70453-01-T\20250621060341\1@75.jpg
1,77,Default,100-57100-00,R296,245.652,82.593,,245.6138,82.3968,270,,administrator,OK,,OK,,OK,D:\Eagle3D_data\InspectResult\Image\GDW-LC\290-70453-01-T\20250621060341\1@77.jpg
1,81,Default,100-57100-00,R317,235.963,82.614,,235.935,82.4294,270,,administrator,OK,,OK,,OK,D:\Eagle3D_data\InspectResult\Image\GDW-LC\290-70453-01-T\20250621060341\1@81.jpg
1,162,Default,125-00005-00,C131,241.727,60.566,,241.6677,60.3978,90,,administrator,OK,,OK,,OK,D:\Eagle3D_data\InspectResult\Image\GDW-LC\290-70453-01-T\20250621060341\1@162.jpg
1,163,Default,125-00005-00,C136,243.665,60.562,,243.6037,60.3913,90,,administrator,OK,,OK,,OK,D:\Eagle3D_data\InspectResult\Image\GDW-LC\290-70453-01-T\20250621060341\1@163.jpg
1,170,Default,100-53200-00,R290,241.678,82.602,,241.644,82.4101,270,,administrator,OK,,OK,,OK,D:\Eagle3D_data\InspectResult\Image\GDW-LC\290-70453-01-T\20250621060341\1@170.jpg
1,171,Default,100-53200-00,R291,243.659,82.597,,243.6229,82.4035,270,,administrator,OK,,OK,,OK,D:\Eagle3D_data\InspectResult\Image\GDW-LC\290-70453-01-T\20250621060341\1@171.jpg
1,176,Default,100-53200-00,R306,237.919,82.610,,237.889,82.4228,270,,administrator,OK,,OK,,OK,D:\Eagle3D_data\InspectResult\Image\GDW-LC\290-70453-01-T\20250621060341\1@176.jpg
1,177,Default,100-53200-00,R307,239.748,82.606,,239.716,82.4166,270,,administrator,OK,,OK,,OK,D:\Eagle3D_data\InspectResult\Image\GDW-LC\290-70453-01-T\20250621060341\1@177.jpg
1,199,Default,151-70016-00,U16,239.759,76.168,,239.7193,75.9853,90,,administrator,OK,,OK,,OK,D:\Eagle3D_data\InspectResult\Image\GDW-LC\290-70453-01-T\20250621060341\1@199.jpg
1,205,Default,151-70016-00,U7,239.806,97.439,,239.791,97.2341,90,,administrator,OK,,OK,,OK,D:\Eagle3D_data\InspectResult\Image\GDW-LC\290-70453-01-T\20250621060341\1@205.jpg
1,219,Default,125-00003-00,C306,241.747,69.432,,241.6976,69.2545,270,,administrator,OK,,OK,,OK,D:\Eagle3D_data\InspectResult\Image\GDW-LC\290-70453-01-T\20250621060341\1@219.jpg
1,223,Default,125-00003-00,C54,239.687,90.336,,239.6642,90.1388,90,,administrator,OK,,OK,,OK,D:\Eagle3D_data\InspectResult\Image\GDW-LC\290-70453-01-T\20250621060341\1@223.jpg
1,22,Default,125-00013-00,C69,241.725,103.921,,241.7158,103.7069,180,,administrator,OK,,OK,,OK,D:\Eagle3D_data\InspectResult\Image\GDW-LC\290-70453-01-T\20250621060341\1@22.jpg
1,59,Default,100-57100-00,R171,243.884,103.916,,243.8726,103.6996,270,,administrator,OK,,OK,,OK,D:\Eagle3D_data\InspectResult\Image\GDW-LC\290-70453-01-T\20250621060341\1@59.jpg
1,60,Default,100-57100-00,R178,237.534,103.930,,237.5292,103.721,90,,administrator,OK,,OK,,OK,D:\Eagle3D_data\InspectResult\Image\GDW-LC\290-70453-01-T\20250621060341\1@60.jpg
1,218,Default,125-00003-00,C305,239.717,103.925,,239.7099,103.7136,90,,administrator,OK,,OK,,OK,D:\Eagle3D_data\InspectResult\Image\GDW-LC\290-70453-01-T\20250621060341\1@218.jpg
1,30,Default,125-00014-00,C122,222.306,123.024,,222.3695,122.8424,0,,administrator,OK,,OK,,OK,D:\Eagle3D_data\InspectResult\Image\GDW-LC\290-70453-01-T\20250621060341\1@30.jpg
1,31,Default,125-00014-00,C110,241.645,131.602,,241.6672,131.3585,0,,administrator,OK,,OK,,OK,D:\Eagle3D_data\InspectResult\Image\GDW-LC\290-70453-01-T\20250621060341\1@31.jpg
1,32,Default,125-00014-00,C111,241.651,127.727,,241.6691,127.4875,180,,administrator,OK,,OK,,OK,D:\Eagle3D_data\InspectResult\Image\GDW-LC\290-70453-01-T\20250621060341\1@32.jpg
1,33,Default,125-00014-00,C112,241.748,114.137,,241.7502,113.9122,0,,administrator,OK,,OK,,OK,D:\Eagle3D_data\InspectResult\Image\GDW-LC\290-70453-01-T\20250621060341\1@33.jpg
1,35,Default,125-00014-00,C113,241.739,110.328,,241.7374,110.1072,180,,administrator,OK,,OK,,OK,D:\Eagle3D_data\InspectResult\Image\GDW-LC\290-70453-01-T\20250621060341\1@35.jpg
1,36,Default,125-00014-00,C117,222.345,127.069,,222.3831,126.8532,180,,administrator,OK,,OK,,OK,D:\Eagle3D_data\InspectResult\Image\GDW-LC\290-70453-01-T\20250621060341\1@36.jpg
1,40,Default,100-52100-00,R152,242.253,139.098,,242.2838,138.8466,270,,administrator,OK,,OK,,OK,D:\Eagle3D_data\InspectResult\Image\GDW-LC\290-70453-01-T\20250621060341\1@40.jpg
1,41,Default,100-52100-00,R159,237.736,139.108,,237.7716,138.8619,270,,administrator,OK,,OK,,OK,D:\Eagle3D_data\InspectResult\Image\GDW-LC\290-70453-01-T\20250621060341\1@41.jpg
1,42,Default,100-52100-00,R162,235.858,139.113,,235.8955,138.8682,90,,administrator,OK,,OK,,OK,D:\Eagle3D_data\InspectResult\Image\GDW-LC\290-70453-01-T\20250621060341\1@42.jpg
1,44,Default,100-52100-00,R246,246.096,127.717,,246.1095,127.4725,270,,administrator,OK,,OK,,OK,D:\Eagle3D_data\InspectResult\Image\GDW-LC\290-70453-01-T\20250621060341\1@44.jpg
1,45,Default,100-52100-00,R247,235.428,127.740,,235.4527,127.5084,270,,administrator,OK,,OK,,OK,D:\Eagle3D_data\InspectResult\Image\GDW-LC\290-70453-01-T\20250621060341\1@45.jpg
1,46,Default,100-52100-00,R248,237.587,127.736,,237.6094,127.5012,270,,administrator,OK,,OK,,OK,D:\Eagle3D_data\InspectResult\Image\GDW-LC\290-70453-01-T\20250621060341\1@46.jpg
1,47,Default,100-52100-00,R250,237.557,114.146,,237.5636,113.9263,90,,administrator,OK,,OK,,OK,D:\Eagle3D_data\InspectResult\Image\GDW-LC\290-70453-01-T\20250621060341\1@47.jpg
1,48,Default,100-52100-00,R251,235.398,114.151,,235.4069,113.9336,90,,administrator,OK,,OK,,OK,D:\Eagle3D_data\InspectResult\Image\GDW-LC\290-70453-01-T\20250621060341\1@48.jpg
1,50,Default,100-18220-00,R130,215.099,123.848,,215.1408,123.644,0,,administrator,OK,,OK,,OK,D:\Eagle3D_data\InspectResult\Image\GDW-LC\290-70453-01-T\20250621060341\1@50.jpg
1,51,Default,100-18220-00,R179,229.703,123.308,,229.7287,123.0873,0,,administrator,OK,,OK,,OK,D:\Eagle3D_data\InspectResult\Image\GDW-LC\290-70453-01-T\20250621060341\1@51.jpg
1,52,Default,100-18220-00,R255,229.709,126.229,,229.7385,126.0053,0,,administrator,OK,,OK,,OK,D:\Eagle3D_data\InspectResult\Image\GDW-LC\290-70453-01-T\20250621060341\1@52.jpg
1,53,Default,100-18220-00,R256,215.224,126.261,,215.2688,126.054,0,,administrator,OK,,OK,,OK,D:\Eagle3D_data\InspectResult\Image\GDW-LC\290-70453-01-T\20250621060341\1@53.jpg
1,97,Default,100-51200-00,R157,239.795,139.067,,239.8283,138.818,270,,administrator,OK,,OK,,OK,D:\Eagle3D_data\InspectResult\Image\GDW-LC\290-70453-01-T\20250621060341\1@97.jpg
1,114,Default,100-51330-00,R249,235.436,131.550,,235.4655,131.3145,90,,administrator,OK,,OK,,OK,D:\Eagle3D_data\InspectResult\Image\GDW-LC\290-70453-01-T\20250621060341\1@114.jpg
1,115,Default,100-51330-00,R252,237.595,131.546,,237.6222,131.3072,90,,administrator,OK,,OK,,OK,D:\Eagle3D_data\InspectResult\Image\GDW-LC\290-70453-01-T\20250621060341\1@115.jpg
1,116,Default,100-51330-00,R253,237.548,110.336,,237.5508,110.1203,270,,administrator,OK,,OK,,OK,D:\Eagle3D_data\InspectResult\Image\GDW-LC\290-70453-01-T\20250621060341\1@116.jpg
1,117,Default,100-51330-00,R254,235.389,110.341,,235.3941,110.1276,270,,administrator,OK,,OK,,OK,D:\Eagle3D_data\InspectResult\Image\GDW-LC\290-70453-01-T\20250621060341\1@117.jpg
1,119,Default,100-51499-00,R168,229.382,139.565,,229.4268,139.3275,90,,administrator,OK,,OK,,OK,D:\Eagle3D_data\InspectResult\Image\GDW-LC\290-70453-01-T\20250621060341\1@119.jpg
1,152,Default,100-53100-00,R237,243.881,131.597,,243.9008,131.351,270,,administrator,OK,,OK,,OK,D:\Eagle3D_data\InspectResult\Image\GDW-LC\290-70453-01-T\20250621060341\1@152.jpg
1,153,Default,100-53100-00,R238,239.628,131.606,,239.6523,131.3653,270,,administrator,OK,,OK,,OK,D:\Eagle3D_data\InspectResult\Image\GDW-LC\290-70453-01-T\20250621060341\1@153.jpg
1,154,Default,100-53100-00,R239,239.731,110.332,,239.7315,110.114,90,,administrator,OK,,OK,,OK,D:\Eagle3D_data\InspectResult\Image\GDW-LC\290-70453-01-T\20250621060341\1@154.jpg
1,155,Default,100-53100-00,R240,243.898,110.323,,243.8941,110.0999,90,,administrator,OK,,OK,,OK,D:\Eagle3D_data\InspectResult\Image\GDW-LC\290-70453-01-T\20250621060341\1@155.jpg
1,158,Default,100-50510-00,R241,243.872,127.722,,243.8878,127.48,270,,administrator,OK,,OK,,OK,D:\Eagle3D_data\InspectResult\Image\GDW-LC\290-70453-01-T\20250621060341\1@158.jpg
1,159,Default,100-50510-00,R242,239.678,127.731,,239.6982,127.4941,270,,administrator,OK,,OK,,OK,D:\Eagle3D_data\InspectResult\Image\GDW-LC\290-70453-01-T\20250621060341\1@159.jpg
1,160,Default,100-50510-00,R243,239.740,114.141,,239.7443,113.919,90,,administrator,OK,,OK,,OK,D:\Eagle3D_data\InspectResult\Image\GDW-LC\290-70453-01-T\20250621060341\1@160.jpg
1,161,Default,100-50510-00,R244,243.869,114.132,,243.869,113.9051,90,,administrator,OK,,OK,,OK,D:\Eagle3D_data\InspectResult\Image\GDW-LC\290-70453-01-T\20250621060341\1@161.jpg
1,169,Default,100-51560-00,R289,207.219,139.496,,207.2867,139.2843,90,,administrator,OK,,OK,,OK,D:\Eagle3D_data\InspectResult\Image\GDW-LC\290-70453-01-T\20250621060341\1@169.jpg
1,180,Default,100-51240-00,R292,212.014,139.476,,212.0767,139.2592,270,,administrator,OK,,OK,,OK,D:\Eagle3D_data\InspectResult\Image\GDW-LC\290-70453-01-T\20250621060341\1@180.jpg
1,206,Default,142-10091-00,U10,256.194,142.563,,256.214,142.2911,90,,administrator,OK,,OK,,OK,D:\Eagle3D_data\InspectResult\Image\GDW-LC\290-70453-01-T\20250621060341\1@206.jpg
1,214,Default,151-00061-00,U18,239.858,121.126,,239.8708,120.8963,90,,administrator,OK,,OK,,OK,D:\Eagle3D_data\InspectResult\Image\GDW-LC\290-70453-01-T\20250621060341\1@214.jpg
1,234,Default,125-00012-00,C114,246.104,131.527,,246.1223,131.2785,90,,administrator,OK,,OK,,OK,D:\Eagle3D_data\InspectResult\Image\GDW-LC\290-70453-01-T\20250621060341\1@234.jpg
1,237,Default,160-10037-00,D27,210.792,128.811,,210.844,128.6063,270,,administrator,OK,,OK,,OK,D:\Eagle3D_data\InspectResult\Image\GDW-LC\290-70453-01-T\20250621060341\1@237.jpg
1,238,Default,160-10037-00,D28,225.143,128.779,,225.1799,128.558,270,,administrator,OK,,OK,,OK,D:\Eagle3D_data\InspectResult\Image\GDW-LC\290-70453-01-T\20250621060341\1@238.jpg
1,239,Default,160-10037-00,D30,225.126,121.148,,225.1542,120.935,90,,administrator,OK,,OK,,OK,D:\Eagle3D_data\InspectResult\Image\GDW-LC\290-70453-01-T\20250621060341\1@239.jpg
1,242,Default,171-00002-00,Q12,230.289,130.189,,230.2474,129.9605,270,,administrator,OK,,OK,,OK,D:\Eagle3D_data\InspectResult\Image\GDW-LC\290-70453-01-T\20250621060341\1@242.jpg
1,243,Default,171-00002-00,Q13,215.724,130.221,,215.7726,130.0093,270,,administrator,OK,,OK,,OK,D:\Eagle3D_data\InspectResult\Image\GDW-LC\290-70453-01-T\20250621060341\1@243.jpg
1,244,Default,171-00002-00,Q15,230.341,119.321,,230.3616,119.1043,90,,administrator,OK,,OK,,OK,D:\Eagle3D_data\InspectResult\Image\GDW-LC\290-70453-01-T\20250621060341\1@244.jpg
1,245,Default,171-00001-00,Q4,232.684,139.304,,232.7245,139.0627,0,,administrator,OK,,OK,,OK,D:\Eagle3D_data\InspectResult\Image\GDW-LC\290-70453-01-T\20250621060341\1@245.jpg
1,207,Default,142-10091-00,U13,291.317,142.485,,291.3,142.1728,90,,administrator,OK,,OK,,OK,D:\Eagle3D_data\InspectResult\Image\GDW-LC\290-70453-01-T\20250621060341\1@207.jpg
1,208,Default,142-10091-00,U14,316.446,144.429,,316.4044,144.0861,90,,administrator,OK,,OK,,OK,D:\Eagle3D_data\InspectResult\Image\GDW-LC\290-70453-01-T\20250621060341\1@208.jpg
1,43,Default,100-52100-00,R169,254.817,166.179,,254.866,165.8842,90,,administrator,OK,,OK,,OK,D:\Eagle3D_data\InspectResult\Image\GDW-LC\290-70453-01-T\20250621060341\1@43.jpg
1,112,Default,100-52300-00,R170,256.849,166.175,,256.8958,165.8774,270,,administrator,OK,,OK,,OK,D:\Eagle3D_data\InspectResult\Image\GDW-LC\290-70453-01-T\20250621060341\1@112.jpg
1,150,Default,100-50499-00,R223,254.322,171.895,,254.3778,171.595,90,,administrator,OK,,OK,,OK,D:\Eagle3D_data\InspectResult\Image\GDW-LC\290-70453-01-T\20250621060341\1@150.jpg
1,151,Default,100-50499-00,R224,256.869,174.938,,256.9254,174.6313,0,,administrator,OK,,OK,,OK,D:\Eagle3D_data\InspectResult\Image\GDW-LC\290-70453-01-T\20250621060341\1@151.jpg
1,213,Default,151-00001-00,U17,254.972,178.498,,255.0343,178.19,180,,administrator,OK,,OK,,OK,D:\Eagle3D_data\InspectResult\Image\GDW-LC\290-70453-01-T\20250621060341\1@213.jpg
1,246,Default,171-00001-00,Q5,250.029,179.271,,250.0981,178.9678,0,,administrator,OK,,OK,,OK,D:\Eagle3D_data\InspectResult\Image\GDW-LC\290-70453-01-T\20250621060341\1@246.jpg
1,6,Default,125-00013-00,C143,209.649,139.482,,209.7141,139.2671,180,,administrator,OK,,OK,,OK,D:\Eagle3D_data\InspectResult\Image\GDW-LC\290-70453-01-T\20250621060341\1@6.jpg
1,7,Default,125-00013-00,C158,214.252,139.471,,214.3123,139.2516,180,,administrator,OK,,OK,,OK,D:\Eagle3D_data\InspectResult\Image\GDW-LC\290-70453-01-T\20250621060341\1@7.jpg
1,21,Default,125-00013-00,C63,236.613,141.708,,236.6525,141.46,270,,administrator,OK,,OK,,OK,D:\Eagle3D_data\InspectResult\Image\GDW-LC\290-70453-01-T\20250621060341\1@21.jpg
1,34,Default,125-00014-00,C67,246.694,168.229,,246.7534,167.9415,180,,administrator,OK,,OK,,OK,D:\Eagle3D_data\InspectResult\Image\GDW-LC\290-70453-01-T\20250621060341\1@34.jpg
1,38,Default,100-52100-00,R143,228.651,153.410,,228.7122,153.1587,270,,administrator,OK,,OK,,OK,D:\Eagle3D_data\InspectResult\Image\GDW-LC\290-70453-01-T\20250621060341\1@38.jpg
1,39,Default,100-52100-00,R149,226.746,153.414,,226.8092,153.1651,270,,administrator,OK,,OK,,OK,D:\Eagle3D_data\InspectResult\Image\GDW-LC\290-70453-01-T\20250621060341\1@39.jpg
1,96,Default,100-51200-00,R138,243.891,153.376,,243.9362,153.1073,270,,administrator,OK,,OK,,OK,D:\Eagle3D_data\InspectResult\Image\GDW-LC\290-70453-01-T\20250621060341\1@96.jpg
1,98,Default,100-10100-00,R139,233.611,156.574,,233.6707,156.3137,180,,administrator,OK,,OK,,OK,D:\Eagle3D_data\InspectResult\Image\GDW-LC\290-70453-01-T\20250621060341\1@98.jpg
1,99,Default,100-51100-00,R140,236.639,153.392,,236.6918,153.1318,270,,administrator,OK,,OK,,OK,D:\Eagle3D_data\InspectResult\Image\GDW-LC\290-70453-01-T\20250621060341\1@99.jpg
1,100,Default,100-52221-00,R141,229.419,156.329,,229.4833,156.0741,180,,administrator,OK,,OK,,OK,D:\Eagle3D_data\InspectResult\Image\GDW-LC\290-70453-01-T\20250621060341\1@100.jpg
1,101,Default,100-52221-00,R158,222.798,148.809,,222.8609,148.5692,270,,administrator,OK,,OK,,OK,D:\Eagle3D_data\InspectResult\Image\GDW-LC\290-70453-01-T\20250621060341\1@101.jpg
1,105,Default,121-80009-00,C66,241.869,168.940,,241.9348,168.657,90,,administrator,OK,,OK,,OK,D:\Eagle3D_data\InspectResult\Image\GDW-LC\290-70453-01-T\20250621060341\1@105.jpg
1,106,Default,100-51300-00,R144,237.393,144.246,,237.4352,143.9947,90,,administrator,OK,,OK,,OK,D:\Eagle3D_data\InspectResult\Image\GDW-LC\290-70453-01-T\20250621060341\1@106.jpg
1,107,Default,100-51300-00,R318,216.744,139.466,,216.8017,139.2432,270,,administrator,OK,,OK,,OK,D:\Eagle3D_data\InspectResult\Image\GDW-LC\290-70453-01-T\20250621060341\1@107.jpg
1,108,Default,100-52270-00,R145,237.376,148.564,,237.4228,148.3083,270,,administrator,OK,,OK,,OK,D:\Eagle3D_data\InspectResult\Image\GDW-LC\290-70453-01-T\20250621060341\1@108.jpg
1,109,Default,100-52270-00,R151,232.461,153.401,,232.5182,153.1458,90,,administrator,OK,,OK,,OK,D:\Eagle3D_data\InspectResult\Image\GDW-LC\290-70453-01-T\20250621060341\1@109.jpg
1,110,Default,100-52300-00,R146,234.366,153.397,,234.4212,153.1394,270,,administrator,OK,,OK,,OK,D:\Eagle3D_data\InspectResult\Image\GDW-LC\290-70453-01-T\20250621060341\1@110.jpg
1,111,Default,100-52300-00,R163,224.937,139.575,,224.9865,139.3425,270,,administrator,OK,,OK,,OK,D:\Eagle3D_data\InspectResult\Image\GDW-LC\290-70453-01-T\20250621060341\1@111.jpg
1,113,Default,100-51330-00,R147,240.265,153.384,,240.314,153.1196,90,,administrator,OK,,OK,,OK,D:\Eagle3D_data\InspectResult\Image\GDW-LC\290-70453-01-T\20250621060341\1@113.jpg
1,118,Default,100-51499-00,R150,224.841,153.418,,224.9063,153.1715,90,,administrator,OK,,OK,,OK,D:\Eagle3D_data\InspectResult\Image\GDW-LC\290-70453-01-T\20250621060341\1@118.jpg
1,120,Default,100-58220-00,R153,248.934,147.462,,248.967,147.1935,270,,administrator,OK,,OK,,OK,D:\Eagle3D_data\InspectResult\Image\GDW-LC\290-70453-01-T\20250621060341\1@120.jpg
1,128,Default,100-51649-00,R154,222.809,153.423,,222.8764,153.1783,270,,administrator,OK,,OK,,OK,D:\Eagle3D_data\InspectResult\Image\GDW-LC\290-70453-01-T\20250621060341\1@128.jpg
1,129,Default,100-52130-00,R161,227.223,139.570,,227.2701,139.3348,270,,administrator,OK,,OK,,OK,D:\Eagle3D_data\InspectResult\Image\GDW-LC\290-70453-01-T\20250621060341\1@129.jpg
1,135,Default,100-10510-00,R166,250.644,174.317,,250.7068,174.0179,180,,administrator,OK,,OK,,OK,D:\Eagle3D_data\InspectResult\Image\GDW-LC\290-70453-01-T\20250621060341\1@135.jpg
1,136,Default,100-10510-00,R167,250.638,171.522,,250.6973,171.2268,180,,administrator,OK,,OK,,OK,D:\Eagle3D_data\InspectResult\Image\GDW-LC\290-70453-01-T\20250621060341\1@136.jpg
1,149,Default,100-11100-00,R222,238.970,178.660,,239.0496,178.3707,270,,administrator,OK,,OK,,OK,D:\Eagle3D_data\InspectResult\Image\GDW-LC\290-70453-01-T\20250621060341\1@149.jpg
1,164,Default,125-00005-00,C50,238.452,153.388,,238.5029,153.1257,270,,administrator,OK,,OK,,OK,D:\Eagle3D_data\InspectResult\Image\GDW-LC\290-70453-01-T\20250621060341\1@164.jpg
1,181,Default,100-50100-00,R295,207.226,143.011,,207.2986,142.7957,90,,administrator,OK,,OK,,OK,D:\Eagle3D_data\InspectResult\Image\GDW-LC\290-70453-01-T\20250621060341\1@181.jpg
1,182,Default,100-50100-00,R319,219.117,143.144,,219.1766,142.9144,90,,administrator,OK,,OK,,OK,D:\Eagle3D_data\InspectResult\Image\GDW-LC\290-70453-01-T\20250621060341\1@182.jpg
1,187,Default,125-00000-00,C58,248.925,143.436,,248.9535,143.1717,270,,administrator,OK,,OK,,OK,D:\Eagle3D_data\InspectResult\Image\GDW-LC\290-70453-01-T\20250621060341\1@187.jpg
1,193,Default,100-52470-00,R313,219.109,139.461,,219.1642,139.2353,90,,administrator,OK,,OK,,OK,D:\Eagle3D_data\InspectResult\Image\GDW-LC\290-70453-01-T\20250621060341\1@193.jpg
1,200,Default,151-70016-00,U19,213.014,146.586,,213.0846,146.3604,270,,administrator,OK,,OK,,OK,D:\Eagle3D_data\InspectResult\Image\GDW-LC\290-70453-01-T\20250621060341\1@200.jpg
1,212,Default,151-00001-00,U12,250.882,167.204,,250.9365,166.9124,0,,administrator,OK,,OK,,OK,D:\Eagle3D_data\InspectResult\Image\GDW-LC\290-70453-01-T\20250621060341\1@212.jpg
1,215,Default,151-00083-00,U8,241.624,146.332,,241.6639,146.0733,0,,administrator,OK,,OK,,OK,D:\Eagle3D_data\InspectResult\Image\GDW-LC\290-70453-01-T\20250621060341\1@215.jpg
1,216,Default,151-05000-00,U9,229.398,146.654,,229.4507,146.4091,180,,administrator,OK,,OK,,OK,D:\Eagle3D_data\InspectResult\Image\GDW-LC\290-70453-01-T\20250621060341\1@216.jpg
1,227,Default,125-00047-00,C300,219.125,146.828,,219.189,146.5946,90,,administrator,OK,,OK,,OK,D:\Eagle3D_data\InspectResult\Image\GDW-LC\290-70453-01-T\20250621060341\1@227.jpg
1,228,Default,125-00047-00,C301,207.235,146.707,,207.311,146.4878,90,,administrator,OK,,OK,,OK,D:\Eagle3D_data\InspectResult\Image\GDW-LC\290-70453-01-T\20250621060341\1@228.jpg
1,229,Default,125-00006-00,C49,242.078,153.380,,242.1251,153.1134,270,,administrator,OK,,OK,,OK,D:\Eagle3D_data\InspectResult\Image\GDW-LC\290-70453-01-T\20250621060341\1@229.jpg
1,230,Default,125-00012-00,C52,230.556,153.406,,230.6152,153.1523,270,,administrator,OK,,OK,,OK,D:\Eagle3D_data\InspectResult\Image\GDW-LC\290-70453-01-T\20250621060341\1@230.jpg
1,231,Default,125-00012-00,C55,225.609,156.338,,225.6773,156.0869,180,,administrator,OK,,OK,,OK,D:\Eagle3D_data\InspectResult\Image\GDW-LC\290-70453-01-T\20250621060341\1@231.jpg
1,232,Default,125-00012-00,C61,222.788,144.194,,222.8453,143.959,90,,administrator,OK,,OK,,OK,D:\Eagle3D_data\InspectResult\Image\GDW-LC\290-70453-01-T\20250621060341\1@232.jpg
1,233,Default,125-00012-00,C64,222.651,139.580,,222.7029,139.3502,270,,administrator,OK,,OK,,OK,D:\Eagle3D_data\InspectResult\Image\GDW-LC\290-70453-01-T\20250621060341\1@233.jpg
1,235,Default,160-10037-00,D19,246.079,177.195,,246.1492,176.8983,270,,administrator,OK,,OK,,OK,D:\Eagle3D_data\InspectResult\Image\GDW-LC\290-70453-01-T\20250621060341\1@235.jpg
1,236,Default,160-10037-00,D21,242.269,177.203,,242.3432,176.9111,270,,administrator,OK,,OK,,OK,D:\Eagle3D_data\InspectResult\Image\GDW-LC\290-70453-01-T\20250621060341\1@236.jpg
1,2,Default,125-00013-00,C10,180.198,146.476,,180.3184,146.2791,90,,administrator,OK,,OK,,OK,D:\Eagle3D_data\InspectResult\Image\GDW-LC\290-70453-01-T\20250621060341\1@2.jpg
1,3,Default,125-00013-00,C13,175.162,151.287,,175.2779,151.1001,0,,administrator,OK,,OK,,OK,D:\Eagle3D_data\InspectResult\Image\GDW-LC\290-70453-01-T\20250621060341\1@3.jpg
1,83,Default,100-57100-00,R36,177.365,147.091,,177.4735,146.9061,90,,administrator,OK,,OK,,OK,D:\Eagle3D_data\InspectResult\Image\GDW-LC\290-70453-01-T\20250621060341\1@83.jpg
1,84,Default,100-57100-00,R37,175.153,147.096,,175.2638,146.9135,90,,administrator,OK,,OK,,OK,D:\Eagle3D_data\InspectResult\Image\GDW-LC\290-70453-01-T\20250621060341\1@84.jpg
1,124,Default,100-58220-00,R35,180.268,150.247,,180.3771,150.055,180,,administrator,OK,,OK,,OK,D:\Eagle3D_data\InspectResult\Image\GDW-LC\290-70453-01-T\20250621060341\1@124.jpg
1,188,Default,125-00000-00,C9,180.254,148.372,,180.3608,148.182,180,,administrator,OK,,OK,,OK,D:\Eagle3D_data\InspectResult\Image\GDW-LC\290-70453-01-T\20250621060341\1@188.jpg
1,196,Default,100-13120-00,R402,139.241,178.579,,139.4264,178.4049,90,,administrator,OK,,OK,,OK,D:\Eagle3D_data\InspectResult\Image\GDW-LC\290-70453-01-T\20250621060341\1@196.jpg
1,217,Default,125-00003-00,C11,177.374,151.282,,177.4876,151.0927,90,,administrator,OK,,OK,,OK,D:\Eagle3D_data\InspectResult\Image\GDW-LC\290-70453-01-T\20250621060341\1@217.jpg
1,20,Default,125-00013-00,C43,188.852,218.738,,189.0309,218.4641,90,,administrator,OK,,OK,,OK,D:\Eagle3D_data\InspectResult\Image\GDW-LC\290-70453-01-T\20250621060341\1@20.jpg
1,25,Default,125-00013-00,C90,162.706,214.503,,162.908,214.2636,0,,administrator,OK,,OK,,OK,D:\Eagle3D_data\InspectResult\Image\GDW-LC\290-70453-01-T\20250621060341\1@25.jpg
1,26,Default,125-00013-00,C91,193.335,214.435,,193.5048,214.1604,0,,administrator,OK,,OK,,OK,D:\Eagle3D_data\InspectResult\Image\GDW-LC\290-70453-01-T\20250621060341\1@26.jpg
1,27,Default,125-00013-00,C93,158.763,218.805,,158.9736,218.5654,270,,administrator,OK,,OK,,OK,D:\Eagle3D_data\InspectResult\Image\GDW-LC\290-70453-01-T\20250621060341\1@27.jpg
1,63,Default,100-57100-00,R201,162.573,218.796,,162.7796,218.5526,180,,administrator,OK,,OK,,OK,D:\Eagle3D_data\InspectResult\Image\GDW-LC\290-70453-01-T\20250621060341\1@63.jpg
1,67,Default,100-57100-00,R205,162.569,217.019,,162.7736,216.7765,180,,administrator,OK,,OK,,OK,D:\Eagle3D_data\InspectResult\Image\GDW-LC\290-70453-01-T\20250621060341\1@67.jpg
1,91,Default,100-57100-00,R120,192.785,216.952,,192.9578,216.6747,180,,administrator,OK,,OK,,OK,D:\Eagle3D_data\InspectResult\Image\GDW-LC\290-70453-01-T\20250621060341\1@91.jpg
1,95,Default,100-57100-00,R124,192.789,218.730,,192.9638,218.4509,180,,administrator,OK,,OK,,OK,D:\Eagle3D_data\InspectResult\Image\GDW-LC\290-70453-01-T\20250621060341\1@95.jpg
1,122,Default,100-58220-00,R207,158.769,214.512,,158.9751,214.2769,90,,administrator,OK,,OK,,OK,D:\Eagle3D_data\InspectResult\Image\GDW-LC\290-70453-01-T\20250621060341\1@122.jpg
1,123,Default,100-58220-00,R208,189.350,214.412,,189.5238,214.1419,90,,administrator,OK,,OK,,OK,D:\Eagle3D_data\InspectResult\Image\GDW-LC\290-70453-01-T\20250621060341\1@123.jpg
1,183,Default,125-00000-00,C100,191.303,214.440,,191.4749,214.1673,90,,administrator,OK,,OK,,OK,D:\Eagle3D_data\InspectResult\Image\GDW-LC\290-70453-01-T\20250621060341\1@183.jpg
1,190,Default,125-00000-00,C99,160.788,214.380,,160.9915,214.1432,90,,administrator,OK,,OK,,OK,D:\Eagle3D_data\InspectResult\Image\GDW-LC\290-70453-01-T\20250621060341\1@190.jpg
1,194,Default,100-13120-00,R400,139.266,189.645,,139.4637,189.4584,90,,administrator,OK,,OK,,OK,D:\Eagle3D_data\InspectResult\Image\GDW-LC\290-70453-01-T\20250621060341\1@194.jpg
1,195,Default,100-13120-00,R401,139.254,184.112,,139.445,183.9321,90,,administrator,OK,,OK,,OK,D:\Eagle3D_data\InspectResult\Image\GDW-LC\290-70453-01-T\20250621060341\1@195.jpg
1,220,Default,125-00003-00,C39,188.848,216.960,,189.025,216.688,0,,administrator,OK,,OK,,OK,D:\Eagle3D_data\InspectResult\Image\GDW-LC\290-70453-01-T\20250621060341\1@220.jpg
1,226,Default,125-00003-00,C97,158.759,217.027,,158.9676,216.7893,180,,administrator,OK,,OK,,OK,D:\Eagle3D_data\InspectResult\Image\GDW-LC\290-70453-01-T\20250621060341\1@226.jpg
1,8,Default,125-00013-00,C180,125.150,206.091,,125.3818,205.9039,180,,administrator,OK,,OK,,OK,D:\Eagle3D_data\InspectResult\Image\GDW-LC\290-70453-01-T\20250621060341\1@8.jpg
1,9,Default,125-00013-00,C181,83.212,211.772,,83.4947,211.6273,0,,administrator,OK,,OK,,OK,D:\Eagle3D_data\InspectResult\Image\GDW-LC\290-70453-01-T\20250621060341\1@9.jpg
1,16,Default,125-00013-00,C36,124.400,201.352,,124.6266,201.1703,90,,administrator,OK,,OK,,OK,D:\Eagle3D_data\InspectResult\Image\GDW-LC\290-70453-01-T\20250621060341\1@16.jpg
1,17,Default,125-00013-00,C37,83.307,194.098,,83.5845,194.1191,90,,administrator,OK,,OK,,OK,D:\Eagle3D_data\InspectResult\Image\GDW-LC\290-70453-01-T\20250621060341\1@17.jpg
1,19,Default,125-00013-00,C40,88.075,198.807,,88.337,198.6704,0,,administrator,OK,,OK,,OK,D:\Eagle3D_data\InspectResult\Image\GDW-LC\290-70453-01-T\20250621060341\1@19.jpg
1,24,Default,125-00013-00,C89,133.257,214.568,,133.4899,214.3628,180,,administrator,OK,,OK,,OK,D:\Eagle3D_data\InspectResult\Image\GDW-LC\290-70453-01-T\20250621060341\1@24.jpg
1,28,Default,125-00013-00,C95,128.717,219.507,,128.9603,219.301,270,,administrator,OK,,OK,,OK,D:\Eagle3D_data\InspectResult\Image\GDW-LC\290-70453-01-T\20250621060341\1@28.jpg
1,29,Default,125-00013-00,C98,131.531,195.155,,131.7433,194.9717,270,,administrator,OK,,OK,,OK,D:\Eagle3D_data\InspectResult\Image\GDW-LC\290-70453-01-T\20250621060341\1@29.jpg
1,64,Default,100-57100-00,R202,127.748,192.877,,127.9616,192.7008,0,,administrator,OK,,OK,,OK,D:\Eagle3D_data\InspectResult\Image\GDW-LC\290-70453-01-T\20250621060341\1@64.jpg
1,65,Default,100-57100-00,R203,132.653,219.498,,132.8922,219.2877,180,,administrator,OK,,OK,,OK,D:\Eagle3D_data\InspectResult\Image\GDW-LC\290-70453-01-T\20250621060341\1@65.jpg
1,66,Default,100-57100-00,R204,132.648,217.085,,132.884,216.8772,180,,administrator,OK,,OK,,OK,D:\Eagle3D_data\InspectResult\Image\GDW-LC\290-70453-01-T\20250621060341\1@66.jpg
1,68,Default,100-57100-00,R206,127.753,195.163,,127.9693,194.9845,0,,administrator,OK,,OK,,OK,D:\Eagle3D_data\InspectResult\Image\GDW-LC\290-70453-01-T\20250621060341\1@68.jpg
1,92,Default,100-57100-00,R121,88.066,194.915,,88.3238,194.7825,270,,administrator,OK,,OK,,OK,D:\Eagle3D_data\InspectResult\Image\GDW-LC\290-70453-01-T\20250621060341\1@92.jpg
1,94,Default,100-57100-00,R123,90.461,194.910,,90.7163,194.7744,90,,administrator,OK,,OK,,OK,D:\Eagle3D_data\InspectResult\Image\GDW-LC\290-70453-01-T\20250621060341\1@94.jpg
1,121,Default,100-58220-00,R200,129.305,214.577,,129.5421,214.3761,270,,administrator,OK,,OK,,OK,D:\Eagle3D_data\InspectResult\Image\GDW-LC\290-70453-01-T\20250621060341\1@121.jpg
1,126,Default,100-58220-00,R117,124.444,203.553,,124.674,203.3689,180,,administrator,OK,,OK,,OK,D:\Eagle3D_data\InspectResult\Image\GDW-LC\290-70453-01-T\20250621060341\1@126.jpg
1,127,Default,100-58220-00,R118,83.331,197.979,,83.5971,197.8482,180,,administrator,OK,,OK,,OK,D:\Eagle3D_data\InspectResult\Image\GDW-LC\290-70453-01-T\20250621060341\1@127.jpg
1,184,Default,125-00000-00,C32,83.327,196.151,,83.591,196.0221,180,,administrator,OK,,OK,,OK,D:\Eagle3D_data\InspectResult\Image\GDW-LC\290-70453-01-T\20250621060341\1@184.jpg
1,186,Default,125-00000-00,C35,124.395,199.193,,124.6193,199.0136,180,,administrator,OK,,OK,,OK,D:\Eagle3D_data\InspectResult\Image\GDW-LC\290-70453-01-T\20250621060341\1@186.jpg
1,189,Default,125-00000-00,C92,131.416,214.572,,131.6508,214.369,270,,administrator,OK,,OK,,OK,D:\Eagle3D_data\InspectResult\Image\GDW-LC\290-70453-01-T\20250621060341\1@189.jpg
1,198,Default,151-70016-00,U15,131.678,204.807,,131.9017,204.6132,90,,administrator,OK,,OK,,OK,D:\Eagle3D_data\InspectResult\Image\GDW-LC\290-70453-01-T\20250621060341\1@198.jpg
1,204,Default,151-70016-00,U3,88.927,211.760,,89.2037,211.6081,270,,administrator,OK,,OK,,OK,D:\Eagle3D_data\InspectResult\Image\GDW-LC\290-70453-01-T\20250621060341\1@204.jpg
1,209,Default,142-10091-00,U4,113.446,193.036,,113.675,192.8759,270,,administrator,OK,,OK,,OK,D:\Eagle3D_data\InspectResult\Image\GDW-LC\290-70453-01-T\20250621060341\1@209.jpg
1,222,Default,125-00003-00,C42,90.470,198.802,,90.7294,198.6623,90,,administrator,OK,,OK,,OK,D:\Eagle3D_data\InspectResult\Image\GDW-LC\290-70453-01-T\20250621060341\1@222.jpg
1,224,Default,125-00003-00,C94,131.526,192.869,,131.7356,192.6881,180,,administrator,OK,,OK,,OK,D:\Eagle3D_data\InspectResult\Image\GDW-LC\290-70453-01-T\20250621060341\1@224.jpg
1,225,Default,125-00003-00,C96,128.712,217.093,,128.9522,216.8905,180,,administrator,OK,,OK,,OK,D:\Eagle3D_data\InspectResult\Image\GDW-LC\290-70453-01-T\20250621060341\1@225.jpg
1,15,Default,125-00013-00,C34,42.152,194.210,,42.4574,194.1309,90,,administrator,OK,,OK,,OK,D:\Eagle3D_data\InspectResult\Image\GDW-LC\290-70453-01-T\20250621060341\1@15.jpg
1,18,Default,125-00013-00,C38,46.672,198.772,,46.978,198.683,0,,administrator,OK,,OK,,OK,D:\Eagle3D_data\InspectResult\Image\GDW-LC\290-70453-01-T\20250621060341\1@18.jpg
1,90,Default,100-57100-00,R119,46.663,194.880,,46.9649,194.795,270,,administrator,OK,,OK,,OK,D:\Eagle3D_data\InspectResult\Image\GDW-LC\290-70453-01-T\20250621060341\1@90.jpg
1,93,Default,100-57100-00,R122,49.203,194.829,,49.5021,194.7415,90,,administrator,OK,,OK,,OK,D:\Eagle3D_data\InspectResult\Image\GDW-LC\290-70453-01-T\20250621060341\1@93.jpg
1,125,Default,100-58220-00,R116,42.160,197.943,,42.47,197.86,180,,administrator,OK,,OK,,OK,D:\Eagle3D_data\InspectResult\Image\GDW-LC\290-70453-01-T\20250621060341\1@125.jpg
1,185,Default,125-00000-00,C33,42.156,196.115,,42.4638,196.0339,180,,administrator,OK,,OK,,OK,D:\Eagle3D_data\InspectResult\Image\GDW-LC\290-70453-01-T\20250621060341\1@185.jpg
1,197,Default,151-70016-00,U1,44.350,211.858,,44.6736,211.7582,270,,administrator,OK,,OK,,OK,D:\Eagle3D_data\InspectResult\Image\GDW-LC\290-70453-01-T\20250621060341\1@197.jpg
1,248,Default,142-10091-00,U5,67.726,193.137,,68.0031,193.0298,270,,administrator,OK,,OK,,OK,D:\Eagle3D_data\InspectResult\Image\GDW-LC\290-70453-01-T\20250621060341\1@248.jpg
1,211,Default,142-10091-00,U6,27.514,193.226,,27.8343,193.1653,270,,administrator,OK,,OK,,OK,D:\Eagle3D_data\InspectResult\Image\GDW-LC\290-70453-01-T\20250621060341\1@211.jpg
1,221,Default,125-00003-00,C41,49.147,198.766,,49.4504,198.6746,270,,administrator,OK,,OK,,OK,D:\Eagle3D_data\InspectResult\Image\GDW-LC\290-70453-01-T\20250621060341\1@221.jpg
[Window_INFO]
