[MACHINE_INFO]
SerialNumber,SoftwareVersion,UserID,LineNo,LotNo
A8HXL21-011,4.0.11001.27006,administrator,5,1
[Board_INFO]
Barcode,GroupName,ProgramName,Side,Lane,Length,Width,Conveyor,Fidu,Module,Part,FOV,StartInspTime,EndInspTime,Inspection time,Result
3895992562111053010279,GDW-LC,290-11053-01-T,NONE,Front,335,412,325.00,2,1,747,39,20250621234936,20250621235001,25.153,USEROK
[PANEL_INFO]
ModuleID,Result,InspTime,ModuleBarcode,RepairTime,Part_Total,Part_Good,Part_NG,Part_UserOK,Part_Skip
1,USEROK,20250621234936,3895992562111053010279,20250622000733,747,742,0,5,0
[Part_INFO]
ModuleID,PartNo,Packaged,PartName,RefID,PosX,PosY,Part_Angle,CAD_X,CAD_Y,CAD_Angle,AlgorismKind,InspUserID,InspResult,RepairUserID,RepairResult,RepairTime,DefectNumber,Image_Path 
1,334,Default,141-50000-00,L4,279.496,15.583,,279.8202,14.8842,180,,administrator,Si_yin_NG,administrator,PASS,20250622000733,NULL,D:\Eagle3D_data\InspectResult\Image\GDW-LC\290-11053-01-T\20250621234936\1@334.jpg
1,327,Default,120-00074-00,EC900,124.799,34.746,,125.2363,34.1143,90,,administrator,BODYWIDTH,administrator,PASS,20250622000733,NULL,D:\Eagle3D_data\InspectResult\Image\GDW-LC\290-11053-01-T\20250621234936\1@327.jpg
1,328,Default,120-00074-00,EC901,132.052,34.741,,132.4843,34.1058,90,,administrator,BODYWIDTH,administrator,PASS,20250622000733,NULL,D:\Eagle3D_data\InspectResult\Image\GDW-LC\290-11053-01-T\20250621234936\1@328.jpg
1,730,Default,151-40079-00,U604,219.969,85.503,,220.3691,84.7883,0,,administrator,Si_yin_NG,administrator,PASS,20250622000733,NULL,D:\Eagle3D_data\InspectResult\Image\GDW-LC\290-11053-01-T\20250621234936\1@730.jpg
1,335,Default,141-50000-00,L6,279.433,71.809,,279.7863,71.0723,180,,administrator,Si_yin_NG,administrator,PASS,20250622000733,NULL,D:\Eagle3D_data\InspectResult\Image\GDW-LC\290-11053-01-T\20250621234936\1@335.jpg
[Window_INFO]
