[MACHINE_INFO]
SerialNumber,SoftwareVersion,UserID,LineNo,LotNo
A8HXL21-011,4.0.11001.27006,administrator,5,1
[Board_INFO]
Barcode,GroupName,ProgramName,Side,Lane,Length,Width,Conveyor,Fidu,Module,Part,FOV,StartInspTime,EndInspTime,Inspection time,Result
4328992562710663050566,GDW-LC,290-10663-05-B,NONE,Front,176,282,174.00,2,1,440,13,20250628023942,20250628023950,8.788,USEROK
[PANEL_INFO]
ModuleID,Result,InspTime,ModuleBarcode,RepairTime,Part_Total,Part_Good,Part_NG,Part_UserOK,Part_Skip
1,USEROK,20250628023942,4328992562710663050566,20250628024353,440,436,0,4,0
[Part_INFO]
ModuleID,PartNo,Packaged,PartName,RefID,PosX,PosY,Part_Angle,CAD_X,CAD_Y,CAD_Angle,AlgorismKind,InspUserID,InspResult,RepairUserID,RepairResult,RepairTime,DefectNumber,Image_Path 
1,343,Default,100-52140-00,R173,166.062,37.828,,166.0786,37.9377,180,,administrator,Kong_han,administrator,PASS,20250628024353,NULL,D:\Eagle3D_data\InspectResult\Image\GDW-LC\290-10663-05-B\20250628023942\1@343.jpg
1,356,Default,100-52240-00,R180,153.375,35.910,,153.4006,36.0345,180,,administrator,Si_yin_NG,administrator,PASS,20250628024353,NULL,D:\Eagle3D_data\InspectResult\Image\GDW-LC\290-10663-05-B\20250628023942\1@356.jpg
1,357,Default,100-52240-00,R183,149.871,37.806,,149.9018,37.9324,0,,administrator,Si_yin_NG,administrator,PASS,20250628024353,NULL,D:\Eagle3D_data\InspectResult\Image\GDW-LC\290-10663-05-B\20250628023942\1@357.jpg
1,189,Default,170-10026-00,Q20,210.643,73.303,,210.6593,73.3342,90,,administrator,Kong_han,administrator,PASS,20250628024353,NULL,D:\Eagle3D_data\InspectResult\Image\GDW-LC\290-10663-05-B\20250628023942\1@189.jpg
[Window_INFO]
