[MACHINE_INFO]
SerialNumber,SoftwareVersion,UserID,LineNo,LotNo
A8HXL21-011,4.0.11001.27006,administrator,5,1
[Board_INFO]
Barcode,GroupName,ProgramName,Side,Lane,Length,Width,Conveyor,Fidu,Module,Part,FOV,StartInspTime,EndInspTime,Inspection time,Result
3827992562070453010040,GDW-LC,290-70453-01-B,NONE,Front,246,351,241.00,2,1,340,26,20250621023529,20250621023550,20.961,USEROK
[PANEL_INFO]
ModuleID,Result,InspTime,ModuleBarcode,RepairTime,Part_Total,Part_Good,Part_NG,Part_UserOK,Part_Skip
1,USEROK,20250621023529,3827992562070453010040,20250621023930,339,338,0,1,0
[Part_INFO]
ModuleID,PartNo,Packaged,PartName,RefID,PosX,PosY,Part_Angle,CAD_X,CAD_Y,CAD_Angle,AlgorismKind,InspUserID,InspResult,RepairUserID,RepairResult,RepairTime,DefectNumber,Image_Path 
1,217,Default,100-52130-00,R312,117.239,79.064,,117.1314,78.3879,90,,administrator,Si_yin_NG,administrator,PASS,20250621023930,NULL,D:\Eagle3D_data\InspectResult\Image\GDW-LC\290-70453-01-B\20250621023529\1@217.jpg
[Window_INFO]
