[MACHINE_INFO]
SerialNumber,SoftwareVersion,UserID,LineNo,LotNo
A8HXL21-011,4.0.11001.27006,administrator,5,1
[Board_INFO]
Barcode,GroupName,ProgramName,Side,Lane,Length,Width,Conveyor,Fidu,Module,Part,FOV,StartInspTime,EndInspTime,Inspection time,Result
4219992562510567070427,GDW-LC,290-10567-07-T,NONE,Front,354,457,346.50,2,1,736,43,20250626101240,20250626101305,25.541,USEROK
[PANEL_INFO]
ModuleID,Result,InspTime,ModuleBarcode,RepairTime,Part_Total,Part_Good,Part_NG,Part_UserOK,Part_Skip
1,USEROK,20250626101240,4219992562510567070427,20250626101926,735,731,0,4,0
[Part_INFO]
ModuleID,PartNo,Packaged,PartName,RefID,PosX,PosY,Part_Angle,CAD_X,CAD_Y,CAD_Angle,AlgorismKind,InspUserID,InspResult,RepairUserID,RepairResult,RepairTime,DefectNumber,Image_Path 
1,503,Default,100-51249-00,R172,273.339,216.283,,274.2543,215.4992,0,,administrator,Si_yin_NG,administrator,PASS,20250626101926,NULL,D:\Eagle3D_data\InspectResult\Image\GDW-LC\290-10567-07-T\20250626101240\1@503.jpg
1,221,Default,120-00138-00,C272,339.021,272.727,,340.0917,271.651,180,,administrator,Ji_fan,administrator,PASS,20250626101926,NULL,D:\Eagle3D_data\InspectResult\Image\GDW-LC\290-10567-07-T\20250626101240\1@221.jpg
1,611,Default,100-52100-00,R430,180.990,58.322,,181.3934,58.0139,180,,administrator,Si_yin_NG,administrator,PASS,20250626101926,NULL,D:\Eagle3D_data\InspectResult\Image\GDW-LC\290-10567-07-T\20250626101240\1@611.jpg
1,744,Default,151-30164-00,U26,191.586,30.070,,191.8748,29.7456,270,,administrator,Si_yin_NG,administrator,PASS,20250626101926,NULL,D:\Eagle3D_data\InspectResult\Image\GDW-LC\290-10567-07-T\20250626101240\1@744.jpg
[Window_INFO]
